name: env_daily_use
channels:
  - defaults
dependencies:
  - bzip2=1.0.8
  - ca-certificates=2025.12.2
  - libexpat=2.7.5
  - libffi=3.4.4
  - libzlib=1.3.1
  - openssl=3.5.5
  - packaging=25.0
  - pip=26.0.1
  - python=3.12.13
  - setuptools=80.10.2
  - sqlite=3.51.2
  - tk=8.6.15
  - tzdata=2026a
  - ucrt=10.0.22621.0
  - vc=14.3
  - vc14_runtime=14.44.35208
  - vs2015_runtime=14.44.35208
  - wheel=0.46.3
  - xz=5.8.2
  - zlib=1.3.1
prefix: D:\AnacondaEnvs\env_daily_use
